11111111111111111111111111111111111111111111111111111111111111111111111111111111111111111111111111111111111111111111111111111111
11111111111111111111111111111111111111111111111111111111111111111111111111111111111111111111111111111111111111111111111111111111
11111111111111111111111111111111111111111111111111111111111111111111111111111111111111111111111111111111111111111111111111111111
11100000000000000000000000000000000000000000000000000000000000000000000000000000000000000000000000000000000000000000000000000111
11101111111111111111111111111111111111111111111111111111111111111111111111111111111111111111111111111111111111111111111111110111
11101111111111111111111111111111111111111111111111111111111111111111111111111111111111111111111111111111111111111111111111110111
11101111111111111111111111111111111111111111111111111111111111111111111111111111111111111111111111111111111111111111111111110111
11101111111111111111111111111111111111111111111111111111111111111111111111111111111111111111111111111111111111111111111111110111
11101111111111111111111111111111111111111111111111111111111111111111111111111111111111111111111111111111111111111111111111110111
11101111111111111111111111111111111111111111111111111111111111111111111111111111111111111111111111111111111111111111111111110111
11101111111111111111111111111111111111111111111111111111111111111111111111111111111111111111111111111111111111111111111111110111
11101111111111111111111111111111111111111111111111111111111111111111111111111111111111111111111111111111111111111111111111110111
11101111111111111111111111111111111111111111111111111111111111111111111111111111111111111111111111111111111111111111111111110111
11101111111111111111111111111111111111111111111111111111111111111111111111111111111111111111111111111111111111111111111111110111
11101111111111111111111111111111111111111111111111111111111111111111111111111111111111111111111111111111111111111111111111110111
11101111111111111111111111111111111111111111111111111111111111111111111111111111111111111111111111111111111111111111111111110111
11101111111111111111111111111111111111111111111111111111111111111111111111111111111111111111111111111111111111111111111111110111
11101111111111111111111111111111111111111111111111111111111111111111111111111111111111111111111111111111111111111111111111110111
11101111111111111111111111111111111111111111111111111111111111111111111111111111111111111111111111111111111111111111111111110111
11101111111111111111111111111111111111111111111111111111111111111111111111111111111111111111111111111111111111111111111111110111
11101111111111111111111111111111111111111111111111111111111111111111111111111111111111111111111111111111111111111111111111110111
11101111111111111111111111111111111111111111111111111111111111111111111111111111111111111111111111111111111111111111111111110111
11101111111111111111111111111111111111111111111111111111111111111111111111111111111111111111111111111111111111111111111111110111
11101111111111111111111111111111111111111111111111111111111111111111111111111111111111111111111111111111111111111111111111110111
11101111111111111111111111111111111111111111111111111111111111111111111111111111111111111111111111111111111111111111111111110111
11101111111111111111111111111111111111111111111111111111111111111111111111111111111111111111111111111111111111111111111111110111
11101111111111111111111111111111111111111111111111111111111111111111111111111111111111111111111111111111111111111111111111110111
11101111111111111111111111111111111111111111111111111111111111111111111111111111111111111111111111111111111111111111111111110111
11100000000000000000000000000000000000000000000000000000000000000000000000000000000000000000000000000000000000000000000000000111
11111111111111111111111111111111111111111111111111111111111111111111111111111111111111111111111111111111111111111111111111111111
11111111111111111111111111111111111111111111111111111111111111111111111111111111111111111111111111111111111111111111111111111111
11111111111111111111111111111111111111111111111111111111111111111111111111111111111111111111111111111111111111111111111111111111








255,255,255,255,255,255,255,255,255,255,255,255,255,255,255,255,
255,255,255,255,255,255,255,255,255,255,255,255,255,255,255,255,
255,255,255,255,255,255,255,255,255,255,255,255,255,255,255,255,
244,000,000,000,000,000,000,000,000,000,000,000,000,000,000,007
239,255,255,255,255,255,255,255,255,255,255,255,255,255,255,247
239,255,255,255,255,255,255,255,255,255,255,255,255,255,255,247
239,255,255,255,255,255,255,255,255,255,255,255,255,255,255,247
239,255,255,255,255,255,255,255,255,255,255,255,255,255,255,247
239,255,255,255,255,255,255,255,255,255,255,255,255,255,255,247
239,255,255,255,255,255,255,255,255,255,255,255,255,255,255,247
239,255,255,255,255,255,255,255,255,255,255,255,255,255,255,247
239,255,255,255,255,255,255,255,255,255,255,255,255,255,255,247
239,255,255,255,255,255,255,255,255,255,255,255,255,255,255,247
239,255,255,255,255,255,255,255,255,255,255,255,255,255,255,247
239,255,255,255,255,255,255,255,255,255,255,255,255,255,255,247
239,255,255,255,255,255,255,255,255,255,255,255,255,255,255,247
239,255,255,255,255,255,255,255,255,255,255,255,255,255,255,247
239,255,255,255,255,255,255,255,255,255,255,255,255,255,255,247
239,255,255,255,255,255,255,255,255,255,255,255,255,255,255,247
239,255,255,255,255,255,255,255,255,255,255,255,255,255,255,247
239,255,255,255,255,255,255,255,255,255,255,255,255,255,255,247
239,255,255,255,255,255,255,255,255,255,255,255,255,255,255,247
239,255,255,255,255,255,255,255,255,255,255,255,255,255,255,247
239,255,255,255,255,255,255,255,255,255,255,255,255,255,255,247
239,255,255,255,255,255,255,255,255,255,255,255,255,255,255,247
239,255,255,255,255,255,255,255,255,255,255,255,255,255,255,247
239,255,255,255,255,255,255,255,255,255,255,255,255,255,255,247
239,255,255,255,255,255,255,255,255,255,255,255,255,255,255,247
244,000,000,000,000,000,000,000,000,000,000,000,000,000,000,007
255,255,255,255,255,255,255,255,255,255,255,255,255,255,255,255,
255,255,255,255,255,255,255,255,255,255,255,255,255,255,255,255,
255,255,255,255,255,255,255,255,255,255,255,255,255,255,255,255,